0 8 0
1 6 0
2 6 0
3 7 0
4 4 0
5 6 0
6 8 0
7 6 0
8 3 0
9 5 0
10 6 0
11 4 0
12 6 0
13 9 0
14 5 0
15 10 0
16 8 0
17 5 0
18 8 0
19 7 0
20 7 0
21 6 0
22 8 0
23 8 0
24 8 0
25 8 0
26 8 0
27 8 0
28 8 0
29 8 0
30 3 0
31 3 0
32 8 0
33 6 0
34 8 0
35 6 0
36 8 0
37 8 0
38 8 0
39 12 0
40 7 0
42 8 0
43 6 0
44 14 0
45 12 0
46 7 0
47 7 0
48 8 0
49 8 0
50 6 0
51 8 0
52 11 0
53 9 0
54 5 0
55 8 0
56 13 0
57 8 0
58 13 0
59 14 0
60 11 0
61 11 0
62 11 0
63 10 0
64 9 0
74 13 0
75 5 0
76 7 0
77 8 0
78 18 0
79 2 0
80 6 0
81 6 0
82 5 0
83 6 0
84 8 0
85 8 0
86 4 0
87 6 0
88 5 0
89 6 0
90 5 0
91 8 0
92 4 0
93 13 0
94 4 0
95 8 0
96 6 0
97 6 0
98 9 0
99 16 0